%YAML:1.0
R: !!opencv-matrix
   rows: 3
   cols: 3
   dt: d
   data: [ 9.9999807403043617e-001, 1.4935205281065222e-003,
       1.2733152989374160e-003, -1.5013708770997296e-003,
       9.9997973460156908e-001, 6.1867820120764510e-003,
       -1.2640494087576063e-003, -6.1886818150297864e-003,
       9.9998005099926102e-001 ]
T: !!opencv-matrix
   rows: 3
   cols: 1
   dt: d
   data: [ -4.1951411563832268e+000, -5.2862664994632650e-004,
       -1.2018277906811760e-001 ]
R1: !!opencv-matrix
   rows: 3
   cols: 3
   dt: d
   data: [ 9.9955157593429511e-001, 1.4416418511857896e-003,
       2.9909341618297627e-002, -1.5344917297452458e-003,
       9.9999407434649323e-001, 3.0816565401394795e-003,
       -2.9904721740863324e-002, -3.1261702885400492e-003,
       9.9954786512549199e-001 ]
R2: !!opencv-matrix
   rows: 3
   cols: 3
   dt: d
   data: [ 9.9958988797234483e-001, 1.2595758619357003e-004,
       2.8636340515532779e-002, -3.7053175925466665e-005,
       9.9999517844659225e-001, -3.1051104054920916e-003,
       -2.8636593556099106e-002, 3.1027758950046159e-003,
       9.9958507306344280e-001 ]
P1: !!opencv-matrix
   rows: 3
   cols: 4
   dt: d
   data: [ 3.0909923089292096e+001, 0., 3.2011167883872986e+002, 0., 0.,
       3.0909923089292096e+001, 1.1890561294555664e+002, 0., 0., 0., 1.,
       0. ]
P1: !!opencv-matrix
   rows: 3
   cols: 4
   dt: d
   data: [ 3.0909923089292096e+001, 0., 3.2011167883872986e+002, 0., 0.,
       3.0909923089292096e+001, 1.1890561294555664e+002, 0., 0., 0., 1.,
       0. ]
Q: !!opencv-matrix
   rows: 4
   cols: 4
   dt: d
   data: [ 1., 0., 0., -3.2011167883872986e+002, 0., 1., 0.,
       -1.1890561294555664e+002, 0., 0., 0., 3.0909923089292096e+001, 0.,
       0., 2.3827324295188321e-001, 0. ]
